City_ID,City,Lat,Lng,Max Temp,Humidity,Cloudiness,Wind Speed,Country,Date
0,kharkhorin,47.1975,102.8238,67.23,63,0,2.15,MN,1691630091
1,kingston,17.997,-76.7936,84.24,89,17,1.59,JM,1691629796
2,geraldton,-28.7667,114.6,54.01,87,100,4.61,AU,1691629840
3,sitia,35.2,26.0986,78.98,70,0,21.41,GR,1691629843
4,ushuaia,-54.8,-68.3,40.66,75,40,2.3,AR,1691630022
5,touros,-5.1989,-35.4608,75.42,83,32,13.44,BR,1691630092
6,mosfellsbaer,64.1667,-21.7,53.62,76,0,6.91,IS,1691630093
7,constantia,44.1833,28.65,63.7,70,36,13.11,RO,1691630093
8,thompson,55.7435,-97.8558,68.16,45,20,3.44,CA,1691630093
9,tura,25.5198,90.2201,75.79,96,100,2.26,IN,1691630094
10,iqaluit,63.7506,-68.5145,42.53,100,100,8.99,CA,1691630040
11,waitangi,-43.9535,-176.5597,51.82,75,10,1.99,NZ,1691630094
12,minas de marcona,-15.2119,-75.1103,55.62,84,23,10.45,PE,1691630094
13,margaret river,-33.95,115.0667,50.99,86,100,4.63,AU,1691629846
14,tobelo,1.7284,128.0095,83.95,65,100,7.02,ID,1691630076
15,yellowknife,62.456,-114.3525,71.56,40,18,11.99,CA,1691629710
16,la'ie,21.6477,-157.9253,89.56,66,8,20.27,US,1691630095
17,crane,31.3974,-102.3501,102.43,13,29,7.27,US,1691630096
18,blackmans bay,-43.0167,147.3167,57.33,67,97,6.08,AU,1691629848
19,susuman,62.7833,148.1667,55.6,55,6,2.62,RU,1691630096
20,lakhipur,26.0299,90.3041,79.72,91,100,2.51,IN,1691630096
21,poronaysk,49.2167,143.1167,61.21,83,100,4.94,RU,1691630097
22,grytviken,-54.2811,-36.5092,22.93,96,93,3.22,GS,1691629851
23,ulanhot,46.0833,122.0833,70.61,71,0,8.5,CN,1691630097
24,port-aux-francais,-49.35,70.2167,37.71,80,100,25.9,TF,1691629844
25,adamstown,-25.066,-130.1015,66.67,60,100,21.16,PN,1691629597
26,tokar,18.4254,37.729,94.12,39,23,11.92,SD,1691630098
27,sinabang,2.4803,96.3801,77.5,87,100,3.8,ID,1691629959
28,badger,64.8,-147.5333,72.81,72,75,10.36,US,1691629960
29,nikolayevsk,50.0282,45.4595,73.02,41,4,7.09,RU,1691630099
30,sansanne-mango,10.3592,0.4708,73.53,95,100,7.81,TG,1691630099
31,muisne,0.6,-80.0333,78.17,84,100,8.72,EC,1691630099
32,saipan,15.1355,145.701,84.9,100,0,9.22,MP,1691630100
33,ancud,-41.8697,-73.8203,49.53,85,100,15.37,CL,1691629942
34,malango,-2.9627,119.9001,73.76,80,85,2.3,ID,1691630083
35,kenora,49.8167,-94.4337,62.78,63,75,8.99,CA,1691630101
36,lebu,-37.6167,-73.65,53.02,90,100,12.93,CL,1691629867
37,colonia menno,-22.3667,-59.8167,73.45,51,0,4.83,PY,1691630101
38,puerto natales,-51.7236,-72.4875,34.66,95,60,4.27,CL,1691629587
39,maputsoe,-28.8833,27.9,42.28,81,0,2.93,LS,1691630102
40,walvis bay,-22.9575,14.5053,55.09,83,84,9.4,NA,1691629929
41,yangjiang,21.85,111.9667,85.35,72,82,6.62,CN,1691630103
42,ebaye,8.7748,167.7392,86.02,70,0,8.05,MH,1691630104
43,prince rupert,54.3161,-130.3201,59.09,93,100,16.11,CA,1691630043
44,edinburgh of the seven seas,-37.0676,-12.3116,51.03,58,52,24.45,SH,1691629850
45,melekeok village,7.4957,134.6367,81.16,89,100,8.05,PW,1691630105
46,olonkinbyen,70.9221,-8.7187,43.45,99,100,9.15,SJ,1691629908
47,vilyuchinsk,52.9306,158.4028,70.07,62,2,1.81,RU,1691629853
48,invercargill,-46.4,168.35,46.02,71,28,1.99,NZ,1691629846
49,al ghayzah,16.2079,52.176,77.76,92,99,8.48,YE,1691630106
50,albany,42.6001,-73.9662,72.01,74,0,5.44,US,1691629825
51,arraial do cabo,-22.9661,-42.0278,69.76,83,36,18.23,BR,1691629970
52,bakchar,57.0186,82.0711,56.32,98,100,7.05,RU,1691630107
53,bethel,41.3712,-73.414,77.49,70,0,5.75,US,1691629851
54,rabigh,22.7986,39.0349,86.86,73,0,5.01,SA,1691630108
55,barra de santo antonio,-9.4047,-35.5072,72.68,80,5,10.22,BR,1691629876
56,tshabong,-26.05,22.45,51.62,33,0,14.0,BW,1691630108
57,barranca,-10.75,-77.7667,65.88,82,36,8.3,PE,1691630109
58,argo,37.6333,22.7333,73.78,76,0,2.46,GR,1691630109
59,lata,40.1629,-8.3327,64.92,95,6,2.17,PT,1691630110
60,el granada,37.5027,-122.4694,82.89,79,100,17.27,US,1691630110
61,necocli,8.4234,-76.786,79.43,92,100,3.69,CO,1691630110
62,saynshand,44.8824,110.1163,77.85,41,100,13.56,MN,1691630111
63,khmelnytskyi,49.4216,26.9965,57.04,63,100,3.96,UA,1691630111
64,sarina,-21.4333,149.2167,73.27,59,12,9.93,AU,1691630111
65,namsos,64.4662,11.4957,59.05,71,4,6.91,NO,1691630112
66,dompu,-8.5356,118.4622,80.96,61,4,4.43,ID,1691630112
67,wailua homesteads,22.0669,-159.378,88.23,74,75,21.85,US,1691629849
68,meadow lakes,61.6247,-149.6011,63.84,84,75,0.0,US,1691630113
69,ixtapa,20.7,-105.2,78.03,89,100,6.91,MX,1691630113
70,west island,-12.1568,96.8225,76.98,83,100,13.8,CC,1691629855
71,mount isa,-20.7333,139.5,78.57,27,10,11.5,AU,1691630064
72,zhanaozen,43.3,52.8,83.68,36,3,5.68,KZ,1691630114
73,bilibino,68.0546,166.4372,61.72,37,89,5.82,RU,1691629607
74,thunder bay,48.4001,-89.3168,62.38,68,80,7.25,CA,1691629856
75,sitka,57.0531,-135.33,60.69,82,100,9.22,US,1691630115
76,oral,51.2333,51.3667,58.98,77,0,8.95,KZ,1691630115
77,papatowai,-46.5619,169.4708,41.76,76,34,7.76,NZ,1691629844
78,avarua,-21.2078,-159.775,77.05,69,20,17.27,CK,1691629853
79,locharbriggs,55.1034,-3.5844,63.95,98,100,1.54,GB,1691629860
80,stanley,54.868,-1.6985,61.79,91,20,2.3,GB,1691630116
81,sechura,-5.5569,-80.8222,72.41,75,11,16.58,PE,1691629826
82,nadym,65.5333,72.5167,48.04,75,100,23.29,RU,1691630117
83,puerto baquerizo moreno,-0.9,-89.6,74.66,79,49,7.83,EC,1691629942
84,ariquemes,-9.9133,-63.0408,84.45,44,73,0.89,BR,1691630118
85,bac lieu,9.285,105.7244,83.84,75,77,14.23,VN,1691630118
86,ribeira grande,38.5167,-28.7,70.77,87,100,5.99,PT,1691629859
87,ghat,24.9647,10.1728,82.04,18,0,6.04,LY,1691630118
88,palera,25.0167,79.2333,76.93,84,100,8.9,IN,1691630119
89,miquelon,47.0975,-56.3814,59.0,92,100,37.89,PM,1691630119
90,konstantinovka,49.6167,127.9833,67.98,90,99,4.9,RU,1691630120
91,ivins,37.1686,-113.6794,93.67,26,95,11.99,US,1691630120
92,mufumbwe,-13.6833,24.8,53.22,44,0,6.51,ZM,1691630120
93,usinsk,65.9939,57.5281,50.0,78,4,8.32,RU,1691630120
94,haiku-pauwela,20.9219,-156.3051,86.02,55,20,25.32,US,1691630121
95,nagqu,31.5,92.0,47.62,74,14,3.58,CN,1691630121
96,la passe,45.5549,-0.8967,71.83,57,42,6.44,FR,1691629852
97,mount gambier,-37.8333,140.7667,52.88,72,99,8.3,AU,1691630058
98,tazovsky,67.4667,78.7,46.81,82,100,20.85,RU,1691630043
99,nar'yan-mar,67.6713,53.087,50.94,87,0,5.66,RU,1691629879
100,mirzapur,25.15,82.5833,82.36,80,100,7.23,IN,1691630123
101,varjota,-4.1944,-40.4767,74.17,68,13,3.22,BR,1691630124
102,vinh yen,21.31,105.5967,85.95,89,100,4.7,VN,1691630124
103,hermanus,-34.4187,19.2345,54.81,77,0,9.46,ZA,1691630125
104,georgetown,5.4112,100.3354,80.94,83,40,2.3,MY,1691629941
105,ilulissat,69.2167,-51.1,41.02,100,100,6.91,GL,1691629944
106,port mathurin,-19.6833,63.4167,72.12,73,10,14.61,MU,1691629847
107,gadzhiyevo,69.2551,33.3362,62.89,78,0,6.85,RU,1691629656
108,tindouf,27.6711,-8.1474,95.45,10,0,5.75,DZ,1691630127
109,nishinoomote,30.7333,131.0,81.16,100,75,12.66,JP,1691630127
110,oppdal,62.5943,9.6912,48.29,87,100,4.65,NO,1691630127
111,harvest,34.8556,-86.7508,70.72,97,0,9.22,US,1691630128
112,kirtland,36.7342,-108.3598,90.7,11,0,8.05,US,1691630128
113,tosontsengel,48.7567,98.2839,56.64,82,23,5.23,MN,1691630128
114,san patricio,28.017,-97.5169,91.18,64,0,19.08,US,1691629925
115,mogocha,53.7333,119.7667,69.06,56,100,5.86,RU,1691630129
116,lihue,21.9789,-159.3672,88.84,67,75,21.85,US,1691630013
117,al majaridah,19.1236,41.9111,88.63,35,5,2.84,SA,1691629842
118,port elizabeth,-33.918,25.5701,54.1,88,0,8.37,ZA,1691629852
119,new norfolk,-42.7826,147.0587,58.5,79,100,5.19,AU,1691629953
120,bafra,41.5678,35.9069,72.82,76,92,4.36,TR,1691630130
121,arkhangel'sk,64.5401,40.5433,59.27,95,0,5.08,RU,1691630081
122,rongelap,11.1635,166.8941,82.63,76,14,10.11,MH,1691630131
123,florence,43.7667,11.25,68.23,76,0,1.14,IT,1691630131
124,aur,8.1499,171.1687,82.29,76,49,12.01,MH,1691630131
125,kone,-21.0595,164.8658,68.79,56,76,15.48,NC,1691630131
126,choele choel,-39.2667,-65.6833,59.09,38,100,18.97,AR,1691630132
127,chonchi,-42.6128,-73.8092,49.21,90,92,8.43,CL,1691630132
128,lompoc,34.6391,-120.4579,78.94,80,100,7.0,US,1691629924
129,dudinka,69.4058,86.1778,56.62,66,100,20.58,RU,1691629847
130,soio,-6.1349,12.3689,70.79,93,60,6.04,AO,1691630133
131,colonia rincon viejo,16.9,-95.05,80.06,87,80,3.49,MX,1691630134
132,punta cana,18.5818,-68.4043,78.57,89,75,0.0,DO,1691630134
133,isafjordur,66.0755,-23.124,45.41,79,62,6.89,IS,1691630134
134,robore,-18.3333,-59.75,77.7,48,0,2.1,BO,1691630134
135,yuzhno-kurilsk,44.0306,145.8556,70.03,94,100,11.97,RU,1691629858
136,sampit,-2.5333,112.95,80.56,70,97,4.52,ID,1691630135
137,arroio grande,-32.2375,-53.0869,59.4,96,100,6.82,BR,1691630103
138,udachny,66.4167,112.4,64.45,48,77,13.42,RU,1691630050
139,kapuskasing,49.4169,-82.4331,68.09,72,75,4.61,CA,1691630136
140,novo aripuana,-5.1206,-60.3797,82.8,50,32,2.1,BR,1691630136
141,moree,-29.4667,149.85,67.41,43,0,13.18,AU,1691630137
142,utrik,11.2278,169.8474,82.9,71,35,11.7,MH,1691630137
143,chibougamau,49.9168,-74.3659,62.87,65,100,3.58,CA,1691629701
144,nuevo casas grandes,30.4167,-107.9167,71.55,65,100,20.56,MX,1691630138
145,alice springs,-23.7,133.8833,74.75,22,0,10.36,AU,1691630138
146,brainerd,46.358,-94.2008,71.85,62,20,6.91,US,1691630138
147,sheridan,44.8333,-106.9173,82.78,36,0,4.61,US,1691630138
148,tynda,55.1667,124.7167,71.76,56,4,2.71,RU,1691630139
149,bikenibeu village,1.3673,173.1241,89.56,66,20,5.75,KI,1691630139
150,magadan,59.5667,150.8,67.53,57,1,1.7,RU,1691630046
151,broome,42.2506,-75.833,69.53,89,100,2.71,US,1691630140
152,sierra grande,-41.606,-65.3557,57.9,39,100,13.56,AR,1691630140
153,zhangzhou,24.5133,117.6556,78.73,62,15,2.91,CN,1691630140
154,kurmuk,10.55,34.2833,68.14,91,100,3.0,SD,1691630140
155,lepsy,46.235,78.9456,76.64,36,0,9.4,KZ,1691630141
156,rancho palos verdes,33.7445,-118.387,79.99,83,75,14.97,US,1691630141
157,punta arenas,-53.15,-70.9167,39.11,93,100,7.4,CL,1691629860
158,labytnangi,66.6572,66.4183,53.02,73,35,4.99,RU,1691629908
159,longyearbyen,78.2186,15.6401,49.84,62,0,3.44,SJ,1691629842
160,aasiaat,68.7098,-52.8699,37.65,89,83,9.66,GL,1691629966
161,yenangyaung,20.4667,94.8833,75.76,91,100,12.24,MM,1691630142
162,fale old settlement,-9.3852,-171.2468,82.67,79,22,15.99,TK,1691629923
163,uturoa,-16.7333,-151.4333,76.95,70,98,17.54,PF,1691629864
164,hasaki,35.7333,140.8333,88.2,77,100,10.96,JP,1691629858
165,mareeba,-17.0,145.4333,74.44,68,40,8.61,AU,1691630143
166,atafu village,-8.5421,-172.5159,82.69,78,35,14.61,TK,1691629839
167,srandakan,-7.9386,110.2506,75.7,73,10,4.79,ID,1691630144
168,nova vicosa,-17.8919,-39.3719,71.76,75,7,7.45,BR,1691630096
169,brisas de zicatela,15.8369,-97.0419,84.72,61,40,0.0,MX,1691630144
170,whitehorse,60.7161,-135.0538,72.1,40,95,3.0,CA,1691629842
171,suva,-18.1416,178.4415,81.88,57,40,6.91,FJ,1691629903
172,murwillumbah,-28.3167,153.4,72.16,52,0,12.66,AU,1691630146
173,carnarvon,-24.8667,113.6333,70.92,58,0,1.54,AU,1691630147
174,kavaratti,10.5669,72.642,81.57,79,100,16.28,IN,1691630147
175,abepura,-2.6333,140.5833,86.81,58,20,5.75,ID,1691630147
176,las terrenas,19.311,-69.5428,80.17,88,100,7.36,DO,1691630148
177,ketchikan,55.3422,-131.6461,59.47,94,100,13.8,US,1691630109
178,tiksi,71.6872,128.8694,69.12,40,40,7.76,RU,1691629845
179,praia da vitoria,38.7333,-27.0667,72.75,94,75,5.06,PT,1691630067
180,ust-nera,64.5667,143.2,67.96,48,7,3.31,RU,1691629839
181,ploudalmezeau,48.5333,-4.65,64.92,94,0,3.44,FR,1691630149
182,taro,-8.3862,115.28,68.0,65,15,2.95,ID,1691630150
183,khairpur,27.5295,68.7617,82.4,65,13,11.03,PK,1691630150
184,st. john's,47.5649,-52.7093,55.78,91,100,13.8,CA,1691630150
185,xining,36.6167,101.7667,67.37,70,44,2.39,CN,1691630151
186,tolanaro,-25.0319,46.9987,65.08,92,14,4.56,MG,1691629950
187,vadso,70.0744,29.7487,63.48,88,9,4.61,NO,1691629954
188,balimila,18.25,82.1333,75.52,85,100,1.32,IN,1691630151
189,iskateley,67.6803,53.1512,50.79,87,0,5.59,RU,1691629852
190,vanimo,-2.6741,141.3028,84.2,72,32,6.02,PG,1691630152
191,port lincoln,-34.7333,135.8667,57.25,58,27,8.3,AU,1691630152
192,kon tum,14.35,108.0,76.86,81,99,2.91,VN,1691630121
193,pimentel,-6.8367,-79.9342,73.69,73,75,13.8,PE,1691630153
194,salinopolis,-0.6136,-47.3561,78.48,85,58,12.12,BR,1691630153
195,westport,41.1415,-73.3579,80.58,65,0,5.99,US,1691629889
196,beau vallon,-20.4189,57.6953,71.22,83,20,5.75,MU,1691630154
197,vernon,50.2581,-119.2691,84.29,57,92,3.44,CA,1691630075
198,bredasdorp,-34.5322,20.0403,50.09,92,0,3.71,ZA,1691629935
199,waingapu,-9.6567,120.2641,79.99,65,94,15.46,ID,1691630154
200,mangrol,21.1167,70.1167,80.46,85,100,17.16,IN,1691630155
201,pedreira,-22.7419,-46.9014,66.87,63,6,4.38,BR,1691630155
202,strezhevoy,60.7333,77.5889,49.66,94,100,12.77,RU,1691630155
203,shinyanga,-3.6667,33.4333,66.9,61,0,9.89,TZ,1691630156
204,china,25.7,-99.2333,94.15,41,0,30.94,MX,1691630156
205,punta de bombon,-17.1717,-71.7931,63.37,82,72,4.43,PE,1691630156
206,trevelin,-43.0858,-71.4639,44.08,94,100,3.98,AR,1691630156
207,timmins,48.4669,-81.3331,60.62,94,75,5.75,CA,1691630157
208,lazaro cardenas,17.9583,-102.2,84.65,76,100,2.13,MX,1691629951
209,aoulef,26.9667,1.0833,93.94,12,0,12.64,DZ,1691630157
210,qaqortoq,60.7167,-46.0333,43.65,82,11,1.9,GL,1691629871
211,villa gesell,-37.2639,-56.973,55.06,95,92,12.37,AR,1691629831
212,talnakh,69.4865,88.3972,56.21,61,100,5.44,RU,1691629940
213,malvan,16.0667,73.4667,78.93,83,80,2.42,IN,1691630159
214,east london,-33.0153,27.9116,61.77,81,10,16.6,ZA,1691629868
215,ikem,6.779,7.7169,71.44,98,92,3.87,NG,1691630159
216,saint cloud,45.5608,-94.1625,75.87,70,0,3.44,US,1691630117
217,howard springs,-12.497,131.047,82.81,39,52,11.77,AU,1691630160
218,port macquarie,-31.4333,152.9167,70.9,35,87,5.86,AU,1691630160
219,quelimane,-17.8786,36.8883,64.35,94,75,3.44,MZ,1691630160
220,port alfred,-33.5906,26.891,59.18,90,0,4.0,ZA,1691630097
221,buka,40.8108,69.1986,75.6,34,0,2.46,UZ,1691630161
222,manavalakurichi,8.1333,77.3,77.56,87,99,12.39,IN,1691630161
223,alofi,-19.0595,-169.9187,82.29,83,75,6.91,NU,1691630162
224,green,40.9459,-81.4832,74.86,75,100,6.91,US,1691630162
225,port blair,11.6667,92.75,82.44,83,40,8.05,IN,1691630162
226,cill airne,52.05,-9.5167,62.56,86,95,10.94,IE,1691630162
227,hamilton,39.1834,-84.5333,75.29,88,75,9.22,US,1691630008
228,villarrica,-25.75,-56.4333,63.93,98,26,3.04,PY,1691630163
229,suluktu,39.9337,69.57,67.48,44,0,2.28,KG,1691630163
230,saint-louis du nord,19.9333,-72.7167,82.85,83,40,14.9,HT,1691630164
231,minot air force base,48.4209,-101.3391,60.98,84,75,10.36,US,1691630164
232,klyuchi,52.2667,79.1667,68.54,50,64,5.17,RU,1691629843
233,kargasok,59.0556,80.8572,50.79,96,100,10.16,RU,1691630165
234,onguday,50.75,86.15,56.7,89,29,1.79,RU,1691630165
235,vorkuta,67.5,64.0,50.7,75,91,8.34,RU,1691630165
236,college,64.8569,-147.8028,72.9,69,75,10.36,US,1691629847
237,kourou,5.1552,-52.6478,78.85,86,44,9.04,GF,1691629913
238,pathein,16.7833,94.7333,79.21,90,100,5.21,MM,1691630166
239,yorkton,51.2167,-102.4677,66.04,52,75,8.05,CA,1691630166
240,akom ii,2.7833,10.5667,68.18,99,99,1.21,CM,1691630167
241,tsiombe,-25.3,45.4833,64.81,92,10,7.96,MG,1691630167
242,holualoa,19.6228,-155.9522,84.04,73,40,13.8,US,1691630167
243,ormond-by-the-sea,29.3491,-81.0665,86.23,81,75,0.0,US,1691630167
244,mexia,31.6799,-96.4822,100.45,34,0,12.66,US,1691630168
245,hawaiian paradise park,19.5933,-154.9731,82.72,75,75,8.05,US,1691630168
246,eyl,7.9803,49.8164,76.78,74,95,21.56,SO,1691629955
247,tabou,4.423,-7.3528,75.47,83,100,11.45,CI,1691630169
248,rimus,16.8764,120.3966,84.87,73,99,6.67,PH,1691630169
249,lambayeque,-6.7011,-79.9061,73.51,73,75,13.8,PE,1691630169
250,kenai,60.5544,-151.2583,59.14,92,100,4.61,US,1691630170
251,weno,7.4515,151.8468,82.38,77,84,9.48,FM,1691630091
252,lebanon,36.2081,-86.2911,73.27,95,0,9.22,US,1691629882
253,kermit,31.8576,-103.0927,104.05,12,75,3.44,US,1691630095
254,pratt,37.6439,-98.7376,82.62,51,0,0.0,US,1691630171
255,saldanha,-33.0117,17.9442,55.71,70,0,5.79,ZA,1691629871
256,remire-montjoly,4.9167,-52.2667,78.84,89,0,6.91,GF,1691629859
257,stephenville,32.2207,-98.2023,102.2,22,0,6.91,US,1691629928
258,bardai,11.65,7.2333,70.3,93,100,7.34,NG,1691630171
259,cockburn town,21.4612,-71.1419,83.7,77,98,16.31,TC,1691629883
260,qandala,11.472,49.8728,88.27,51,100,9.55,SO,1691630172
261,petropavlovsk-kamchatsky,53.0452,158.6483,68.59,52,20,2.24,RU,1691630172
262,takab,36.4009,47.1133,68.61,43,0,5.32,IR,1691630173
263,orbetello,42.4408,11.2196,62.62,64,6,3.27,IT,1691630173
264,nabire,-3.3667,135.4833,84.6,65,29,3.58,ID,1691629947
265,hotan,37.0997,79.9269,81.77,29,13,2.48,CN,1691630174
266,afaahiti,-17.75,-149.2833,82.27,72,100,14.25,PF,1691630174
267,muravlenko,63.7898,74.523,50.2,73,100,19.84,RU,1691630174
268,jamestown,42.097,-79.2353,69.71,68,0,4.61,US,1691629851
269,hobyo,5.3505,48.5268,75.9,85,26,20.74,SO,1691629852
270,miri,4.4148,114.0089,86.14,79,20,2.3,MY,1691630175
271,gizo,-8.103,156.8419,79.75,80,100,21.74,SB,1691630175
272,enewetak,11.3474,162.3373,83.68,75,78,14.52,MH,1691630176
273,pacific grove,36.6177,-121.9166,69.64,86,75,11.5,US,1691630176
274,peniche,39.3558,-9.3811,69.12,96,2,4.34,PT,1691630176
275,oranjemund,-28.55,16.4333,71.6,27,1,6.35,NA,1691629951
276,longboat key,27.4125,-82.659,90.0,72,0,7.87,US,1691630177
277,ondjiva,-17.0667,15.7333,61.0,32,96,4.88,AO,1691630177
278,mandiana,10.6333,-8.6833,72.57,96,100,7.36,GN,1691630177
279,tralee,52.2704,-9.7026,60.62,92,23,8.9,IE,1691630178
280,sosnogorsk,63.6023,53.8817,57.09,76,69,4.0,RU,1691630178
281,santa elena de uairen,4.6167,-61.1333,68.32,87,63,3.22,VE,1691630178
282,la foa,-21.7108,165.8276,66.88,61,60,18.72,NC,1691630178
283,olyokminsk,60.3736,120.4264,76.24,61,6,3.56,RU,1691630179
284,lubang,13.8584,120.124,83.77,78,49,13.42,PH,1691630179
285,fortuna,40.5982,-124.1573,68.94,81,100,12.66,US,1691630179
286,hudson,40.7168,-74.0663,82.0,50,0,12.66,US,1691630180
287,montbrison,45.6667,4.0833,60.67,79,0,1.61,FR,1691630180
288,alapayevsk,57.8516,61.6963,63.18,80,100,3.53,RU,1691630180
289,necochea,-38.5473,-58.7368,49.57,91,100,10.67,AR,1691630181
290,morehead city,34.7229,-76.726,83.01,82,0,9.22,US,1691630181
291,kidal,18.4411,1.4078,89.98,44,38,10.29,ML,1691630181
292,kaliua,-5.0606,31.7936,66.7,44,5,6.85,TZ,1691630181
293,takaungu,-3.6837,39.8566,73.74,86,33,12.57,KE,1691630182
294,tamanrasset,22.785,5.5228,82.31,28,82,9.22,DZ,1691629938
295,south williamsport,41.232,-76.9991,72.09,80,0,3.44,US,1691630182
296,kavieng,-2.5744,150.7967,82.9,74,100,16.31,PG,1691630183
297,nushki,29.5542,66.0215,80.69,19,45,3.69,PK,1691630183
298,hoemul-li,41.4339,129.67,69.22,98,100,7.2,KP,1691630183
299,al qitena,14.8648,32.3668,85.66,53,69,10.6,SD,1691630183
300,changsu,35.6484,127.5152,68.49,98,100,11.99,KR,1691630184
301,prince george,53.9166,-122.753,68.25,71,100,10.36,CA,1691630184
302,itaituba,-4.2761,-55.9836,80.85,62,29,2.95,BR,1691629925
303,punta del este,-34.9667,-54.95,59.11,95,100,5.99,UY,1691629911
304,puerto ayora,-0.7393,-90.3518,75.54,91,37,7.0,EC,1691630185
305,shizilu,35.1711,118.8289,79.7,75,0,11.1,CN,1691630185
306,boguchany,58.3814,97.4531,65.61,71,97,2.17,RU,1691630186
307,huarmey,-10.0681,-78.1522,67.37,83,24,9.69,PE,1691630186
308,selfoss,63.9331,-20.9971,52.05,78,100,3.36,IS,1691630186
309,dalbandin,28.8947,64.4101,86.36,18,88,7.0,PK,1691630186
310,rabo de peixe,37.8,-25.5833,72.91,100,75,10.36,PT,1691630187
311,abalak,58.1286,68.5944,56.35,84,63,7.05,RU,1691630187
312,canas,10.4294,-85.0931,82.6,91,51,6.11,CR,1691630188
313,brisas barra de suchiate,14.55,-92.2167,84.38,75,95,2.13,MX,1691630188
314,mar del plata,-38.0023,-57.5575,55.09,94,75,8.05,AR,1691630188
315,anadyr,64.75,177.4833,55.9,71,75,11.18,RU,1691630189
316,caleta de carquin,-11.0925,-77.6267,66.81,82,29,11.25,PE,1691630189
317,la ronge,55.1001,-105.2842,68.25,42,75,13.8,CA,1691630189
318,shepparton,-36.3833,145.4,53.69,71,5,14.34,AU,1691630190
319,chowchilla,37.123,-120.2602,97.02,26,20,8.05,US,1691630190
320,hithadhoo,-0.6,73.0833,80.74,75,75,5.35,MV,1691629611
321,kerikeri,-35.2268,173.9474,62.91,73,6,4.0,NZ,1691630190
322,edessa,37.1671,38.7939,82.22,37,0,6.06,TR,1691630191
323,newman,37.3138,-121.0208,93.29,44,0,5.01,US,1691630191
324,happy valley-goose bay,53.3168,-60.3315,61.11,88,100,0.0,CA,1691629849
325,mwinilunga,-11.7358,24.4293,59.5,43,0,7.0,ZM,1691630192
326,paciran,-6.8767,112.3761,77.68,72,15,6.31,ID,1691630192
327,miasskoye,55.2784,61.8905,60.87,86,85,8.03,RU,1691630192
328,yakeshi,49.2833,120.7333,65.3,79,100,4.81,CN,1691630193
329,axim,4.8699,-2.2405,75.29,85,100,10.56,GH,1691630193
330,danielskuil,-28.1887,23.5395,50.38,32,0,17.56,ZA,1691630193
331,saquarema,-22.92,-42.5103,68.0,87,16,14.56,BR,1691630194
332,kamyanyets,52.4001,23.81,57.31,95,97,3.71,BY,1691630194
333,cumbal,0.9088,-77.7915,45.14,91,34,5.91,CO,1691630194
334,cabo san lucas,22.8909,-109.9124,91.62,70,75,17.27,MX,1691629952
335,palikir - national government center,6.9248,158.1611,86.85,79,100,4.61,FM,1691630195
336,bandarbeyla,9.4942,50.8122,76.17,77,100,24.94,SO,1691629855
337,al jawf,29.5,38.75,84.6,26,0,6.64,SA,1691630195
338,conde,-7.2597,-34.9075,74.66,83,20,9.22,BR,1691630088
339,yokadouma,3.5167,15.05,68.16,100,96,1.74,CM,1691630196
340,pekan,3.4836,103.3996,77.11,84,98,3.56,MY,1691630196
341,portland,45.5234,-122.6762,82.98,58,40,10.36,US,1691630088
342,northam,51.0333,-4.2167,60.62,91,1,8.41,GB,1691630197
343,ad dabbah,18.05,30.95,90.73,41,99,15.79,SD,1691630197
344,palmer,42.1584,-72.3287,73.85,72,20,4.61,US,1691630040
345,port-vila,-17.7338,168.3219,76.6,53,40,12.66,VU,1691630197
346,el salto,20.3333,-104.5,64.56,94,100,4.03,MX,1691630198
347,kodiak,57.79,-152.4072,56.71,82,100,4.61,US,1691630198
348,egilsstadir,65.2653,-14.3948,44.51,81,75,2.3,IS,1691630123
349,kill devil hills,36.0307,-75.676,79.99,80,0,3.44,US,1691629905
350,island harbour,50.724,-1.2758,59.99,93,0,5.19,GB,1691630199
351,nema,57.5067,50.5011,60.93,84,40,2.91,RU,1691630199
352,fort bragg,35.139,-79.006,81.91,71,75,0.0,US,1691630088
353,forbes,-33.3833,148.0167,59.32,43,99,14.79,AU,1691630199
354,camacupa,-12.0167,17.4833,59.79,36,5,0.98,AO,1691630200
355,tofol,5.3248,163.0078,82.4,78,93,8.3,FM,1691630200
356,farasan,16.7022,42.1183,86.83,80,10,8.88,SA,1691630201
357,drayton valley,53.2168,-114.9854,58.3,95,100,5.86,CA,1691630201
358,queenstown,-31.8976,26.8753,47.66,87,33,0.76,ZA,1691629841
359,nizhneudinsk,54.9076,99.0276,66.9,71,100,3.06,RU,1691630201
360,tucupita,9.0622,-62.051,73.51,98,100,0.94,VE,1691630017
361,talara,-4.5772,-81.2719,74.16,78,75,13.22,PE,1691630202
362,snovsk,51.8239,31.9428,55.54,69,37,3.36,UA,1691630202
363,matoury,4.8483,-52.3317,78.76,89,0,6.91,GF,1691630203
364,karratha,-20.7377,116.8463,75.51,36,6,7.54,AU,1691630203
365,barentu,15.1139,37.5928,73.11,82,96,4.83,ER,1691630203
366,ohara,35.25,140.3833,80.49,83,100,9.73,JP,1691630204
367,adrar,20.5022,-10.0711,93.76,10,0,8.68,MR,1691630204
368,morden,49.1919,-98.1014,66.09,52,100,6.91,CA,1691630204
369,mata-utu,-13.2816,-176.1745,82.26,78,23,12.64,WF,1691629929
370,celso ramos,-27.6344,-51.3364,56.43,97,99,5.1,BR,1691630145
371,novomyshastovskaya,45.1991,38.5827,75.18,82,7,1.43,RU,1691630205
372,turuntayevo,52.2,107.6167,68.09,98,99,3.62,RU,1691630205
373,kolonia,50.9333,6.95,58.86,83,0,1.14,DE,1691629914
374,mafinga,-7.25,35.0667,64.83,56,5,3.62,TZ,1691630206
375,quitilipi,-26.8691,-60.2168,66.83,75,100,5.88,AR,1691630206
376,tugulym,57.0591,64.6425,62.67,81,100,5.93,RU,1691630206
377,keflavik,64.0049,-22.5624,54.03,71,0,6.91,IS,1691630207
378,kitui,-1.367,38.0106,58.53,88,89,5.82,KE,1691630207
379,marsh harbour,26.5412,-77.0636,85.6,71,100,6.87,BS,1691630207
380,lumphat,13.4878,106.9816,79.95,84,99,2.8,KH,1691630208
381,emerald,-23.5333,148.1667,69.35,52,0,6.24,AU,1691630208
382,saint-philippe,-21.3585,55.7679,67.59,83,38,8.97,RE,1691630208
383,port moresby,-9.4431,147.1797,80.98,62,20,16.62,PG,1691629924
384,flying fish cove,-10.4217,105.6791,76.68,83,75,12.66,CX,1691629856
385,purpe,64.4803,76.6897,50.05,88,100,18.59,RU,1691630209
386,novodvinsk,64.4165,40.8122,58.87,95,0,4.85,RU,1691630209
387,hammerfest,70.6634,23.6821,68.45,68,0,3.44,NO,1691630210
388,coquimbo,-29.9533,-71.3436,56.93,88,100,8.05,CL,1691629761
389,zimovniki,47.1483,42.4633,76.84,61,99,5.66,RU,1691630210
390,chernyshevskiy,63.0128,112.4714,67.42,79,36,4.79,RU,1691630210
391,nemuro,43.3236,145.575,68.13,97,100,14.58,JP,1691630211
392,pandan,14.0453,124.1694,86.74,67,74,5.97,PH,1691630211
393,vorgashor,67.5833,63.95,50.58,74,95,8.84,RU,1691630211
394,enoch,37.7733,-113.0244,82.65,28,0,12.66,US,1691629928
395,ranchettes,41.2186,-104.7903,73.06,42,100,8.05,US,1691630212
396,petukhovo,55.0692,67.9019,60.87,78,23,7.72,RU,1691630212
397,teluk intan,4.0259,101.0213,75.22,91,87,3.22,MY,1691630110
398,sinop,41.7711,34.8709,65.8,88,85,1.52,TR,1691629876
399,ati,13.2154,18.3353,75.94,84,100,4.92,TD,1691630214
400,nova sintra,14.8667,-24.7167,73.08,74,100,17.31,CV,1691630215
401,south hedland,-20.4089,118.5983,78.73,22,4,6.91,AU,1691630215
402,siquijor,9.2142,123.515,84.11,76,100,13.98,PH,1691630216
403,colesberg,-30.72,25.0972,49.44,43,0,5.28,ZA,1691630216
404,thinadhoo,0.5333,72.9333,81.63,76,100,9.84,MV,1691630216
405,olean,42.0776,-78.4297,72.18,63,0,0.0,US,1691630217
406,antigo,45.1402,-89.1523,63.77,94,40,0.0,US,1691630217
407,melito di porto salvo,37.9222,15.7714,74.95,46,20,6.91,IT,1691630217
408,bodaybo,57.8506,114.1933,73.94,59,100,2.75,RU,1691630217
409,saudarkrokur,65.7461,-19.6394,42.51,90,75,9.53,IS,1691630218
410,bodo,67.28,14.405,62.78,60,0,11.5,NO,1691630218
411,pisco,-13.7,-76.2167,66.25,82,0,16.11,PE,1691630061
412,ust'-ordynskiy,52.805,104.7508,62.42,95,100,9.98,RU,1691630219
413,namibe,-15.1961,12.1522,61.2,90,34,8.05,AO,1691629937
414,tateyama,34.9833,139.8667,81.1,80,100,9.1,JP,1691630219
415,varadero,23.1536,-81.2514,83.16,78,3,14.58,CU,1691630220
416,harper,4.375,-7.7169,75.6,83,100,12.08,LR,1691630220
417,sao francisco,-15.9486,-44.8644,73.53,46,0,8.39,BR,1691630220
418,popondetta,-8.7537,148.2534,86.34,42,35,3.38,PG,1691630220
419,duba,27.3513,35.6901,86.58,55,0,5.1,SA,1691630221
420,bidur,4.1167,101.2833,79.09,91,99,1.74,MY,1691630221
421,griffith,41.5284,-87.4237,74.89,85,0,4.61,US,1691630221
422,masina,-4.3836,15.3914,73.04,69,11,1.72,CD,1691629973
423,miura,35.14,139.6192,88.59,77,86,8.99,JP,1691630222
424,naze,28.3667,129.4833,83.32,80,16,11.45,JP,1691630220
425,mount pearl,47.5166,-52.7813,54.95,91,100,13.8,CA,1691630223
426,kursunlu,40.841,33.2603,61.07,95,46,3.22,TR,1691630223
427,mont-dore,-22.2833,166.5833,67.98,70,69,15.05,NC,1691630223
428,lodeynoye pole,60.726,33.5531,57.29,99,71,1.81,RU,1691630223
429,aitape,-3.1374,142.3475,85.06,69,59,3.38,PG,1691630224
430,lewiston orchards,46.3804,-116.9754,85.12,36,0,6.91,US,1691630224
431,kumagunnam,13.1551,10.6342,81.0,64,100,3.71,NG,1691630224
432,preobrazheniye,42.9019,133.9064,66.51,98,100,13.35,RU,1691630225
433,antofagasta,-23.65,-70.4,63.68,88,73,8.93,CL,1691630139
434,changji,44.0167,87.3167,79.59,47,0,6.71,CN,1691630225
435,chul'man,56.8479,124.9104,71.33,52,53,10.29,RU,1691630226
436,sambava,-14.2667,50.1667,66.9,87,7,8.86,MG,1691630226
437,fort atkinson,42.9289,-88.8371,76.75,65,39,9.53,US,1691629942
438,moanda,-1.5575,13.2178,74.19,73,87,2.08,GA,1691630227
439,izluchinsk,60.9794,76.9242,51.82,93,100,15.32,RU,1691630227
440,mikun',62.3547,50.0771,57.6,86,6,1.72,RU,1691630227
441,detroit lakes,46.8172,-95.8453,70.86,66,75,10.36,US,1691630151
442,tera,14.0078,0.7531,80.24,74,100,6.96,NE,1691630228
443,kalianget,-7.05,113.9333,79.07,64,54,13.6,ID,1691630228
444,tolosa,43.6043,1.4437,73.38,53,0,5.75,FR,1691630038
445,baiti,13.745,-14.7482,78.33,77,100,9.64,SN,1691630049
446,le port,-20.9373,55.2919,68.9,80,1,5.19,RE,1691630229
447,diamondhead,30.3946,-89.3639,90.79,72,75,8.05,US,1691630229
448,kovur,14.4833,79.9833,82.98,70,95,3.62,IN,1691630230
449,el obeid,13.1842,30.2167,78.22,71,100,11.12,SD,1691630230
450,hiriyur,13.9456,76.6192,72.34,85,100,7.74,IN,1691630120
451,nampula,-15.1165,39.2666,58.44,96,5,4.81,MZ,1691630231
452,lamu,-2.2717,40.902,75.42,85,45,12.26,KE,1691630231
453,papao,-17.75,-149.55,83.88,73,100,15.19,PF,1691630231
454,shahrud,36.4182,54.9763,69.51,34,0,6.08,IR,1691630231
455,pauini,-7.7136,-66.9764,75.13,84,35,2.3,BR,1691630232
456,ayancik,41.9447,34.5861,71.92,73,12,1.59,TR,1691630232
457,bukama,-9.2,25.85,70.18,36,9,2.33,CD,1691630232
458,palpa,-14.5336,-75.1856,68.23,67,1,2.51,PE,1691630233
459,polyarnyy,69.1989,33.4478,62.56,78,0,7.18,RU,1691629591
460,al hilaliyya,14.9398,33.234,82.33,61,99,9.78,SD,1691630233
461,porto novo,6.4965,2.6036,76.82,86,100,8.68,BJ,1691630234
462,victorica,-36.2151,-65.4359,54.9,52,100,15.82,AR,1691630234
463,ongjin,37.9347,125.3619,77.11,78,100,10.31,KP,1691630234
464,bomdila,27.25,92.4,61.63,98,100,2.48,IN,1691630235
465,caruthersville,36.1931,-89.6556,73.38,95,100,0.43,US,1691630235
466,coahuayana de hidalgo,18.7,-103.6583,81.7,76,77,2.39,MX,1691630235
467,talakan,50.3167,130.3667,66.69,72,95,2.68,RU,1691630236
468,nyandoma,61.669,40.1991,56.57,96,0,4.92,RU,1691630236
469,'ali sabieh,11.1558,42.7125,89.73,48,100,13.47,DJ,1691630236
470,shendi,16.6915,33.4341,86.92,53,96,6.11,SD,1691630237
471,acarau,-2.8856,-40.12,77.13,83,60,13.04,BR,1691630061
472,kabinda,-6.1333,24.4833,68.9,42,0,3.44,CD,1691630237
473,akureyri,65.6835,-18.0878,46.33,81,75,4.61,IS,1691630238
474,polonnaruwa,7.9333,81.0,78.24,72,100,7.52,LK,1691630238
475,ugoofaaru,5.6667,73.0,81.88,79,100,16.15,MV,1691630238
476,calingasta,-31.3308,-69.4078,61.9,19,99,6.67,AR,1691630238
477,princeville,45.7668,-61.2985,67.42,97,100,5.75,CA,1691630239
478,lagos,6.5833,3.75,77.32,93,100,5.91,NG,1691630145
479,fort st. john,56.2499,-120.8529,71.49,46,75,10.36,CA,1691630239
480,metlili chaamba,32.2667,3.6333,86.94,18,0,3.44,DZ,1691630240
481,mitu,1.1983,-70.1733,72.46,98,83,1.92,CO,1691630240
482,puttalam,8.0362,79.8283,79.7,87,80,16.75,LK,1691630240
483,cuatro cienegas de carranza,26.9833,-102.0833,97.79,19,15,10.47,MX,1691630240
484,kailua-kona,19.6406,-155.9956,87.76,74,40,13.8,US,1691630227
485,boden,65.8252,21.6886,57.2,74,88,3.36,SE,1691630241
486,ingeniero guillermo n. juarez,-23.9,-61.85,67.14,58,1,5.44,AR,1691630241
487,bahia blanca,-38.7196,-62.2724,55.81,58,100,1.99,AR,1691630242
488,usogorsk,63.4106,48.6872,59.65,83,25,0.13,RU,1691630242
489,pirai,-22.6292,-43.8981,65.28,95,4,1.23,BR,1691630242
490,krasnoturansk,54.3186,91.5639,64.04,63,20,3.33,RU,1691630243
491,kalmunai,7.4167,81.8167,79.14,81,100,6.53,LK,1691630243
492,callao,-12.0667,-77.15,70.72,73,100,11.5,PE,1691630243
493,rakops,-21.0167,24.3333,55.31,45,0,14.16,BW,1691630244
494,lorengau,-2.0226,147.2712,82.62,75,100,16.46,PG,1691630244
495,vila velha,-20.3297,-40.2925,73.35,88,40,10.36,BR,1691630244
496,rio gallegos,-51.6226,-69.2181,41.05,75,0,11.5,AR,1691630244
497,porto velho,-8.7619,-63.9039,77.05,94,20,2.3,BR,1691630245
498,kolonia town,6.964,158.206,87.91,79,100,4.61,FM,1691630245
499,fort mcmurray,56.7268,-111.381,58.51,88,100,9.22,CA,1691629639
500,ocean shores,46.9737,-124.1563,70.38,83,100,11.5,US,1691630246
501,alesund,62.4723,6.1549,54.75,94,100,9.22,NO,1691630246
502,pocahontas,36.2615,-90.9712,73.31,98,100,1.01,US,1691630066
503,dunedin,-45.8742,170.5036,46.8,55,80,10.0,NZ,1691629666
504,nianzishan,47.5167,122.8833,66.92,82,100,8.08,CN,1691630247
505,hadibu,12.65,54.0333,77.9,81,100,19.42,YE,1691630247
506,beyneu,45.3167,55.2,81.3,29,0,7.16,KZ,1691629850
507,pico truncado,-46.7949,-67.9573,53.35,61,100,16.73,AR,1691630247
508,bayanhongor,46.7167,100.1167,58.44,70,25,2.53,MN,1691630248
509,yeed,4.55,43.0333,75.78,59,98,19.51,SO,1691630248
510,dhidhdhoo,6.8833,73.1,82.62,77,100,17.07,MV,1691630248
511,thames,-37.1333,175.5333,53.42,87,40,9.4,NZ,1691630249
512,cheremukhovo,60.3484,59.9851,57.67,87,100,3.58,RU,1691630249
513,gebeit,21.0667,36.3167,84.74,21,0,0.38,SD,1691630249
514,nuuk,64.1835,-51.7216,40.87,100,100,13.8,GL,1691629946
515,guerrero negro,27.9769,-114.0611,75.79,72,5,19.22,MX,1691629797
516,taroudant,30.4703,-8.877,91.72,24,42,7.99,MA,1691630250
517,arkalyk,50.2486,66.9114,64.89,74,49,8.28,KZ,1691630250
518,zouerate,22.7187,-12.4521,89.96,32,0,12.8,MR,1691630251
519,kirensk,57.7853,108.1119,63.61,92,100,1.86,RU,1691630251
520,mugia,43.1041,-9.2179,69.91,87,90,17.81,ES,1691630252
521,acapulco de juarez,16.8634,-99.8901,85.82,79,100,4.61,MX,1691630249
522,san juan,-31.5375,-68.5364,62.26,29,62,6.15,AR,1691630053
523,inari,68.906,27.0288,61.0,91,0,1.7,FI,1691630253
524,bamboo flat,11.7,92.7167,82.49,83,40,8.05,IN,1691630253
525,margate,51.3813,1.3862,61.7,83,0,1.99,GB,1691630099
526,madalena,41.2162,-8.3345,65.46,94,1,2.08,PT,1691630253
527,eldivan,40.5298,33.499,65.19,83,1,2.53,TR,1691630254
528,la ligua,-32.4524,-71.2311,55.54,86,100,1.63,CL,1691630254
529,soroti,1.7146,33.6111,63.41,90,24,3.65,UG,1691630254
530,mili,6.0815,171.735,82.02,74,45,2.59,MH,1691630255
531,taldykorgan,45.0156,78.3739,76.55,30,1,6.26,KZ,1691630255
532,santa ines,-3.6667,-45.38,73.71,91,42,4.79,BR,1691630255
533,yatou,37.15,122.3833,84.13,68,0,18.34,CN,1691630255
534,bambanglipuro,-7.95,110.2833,75.69,73,17,5.03,ID,1691630256
535,greymouth,-42.4667,171.2,46.9,48,0,6.4,NZ,1691629856
536,saint-denis,48.9167,2.3333,64.11,84,0,8.05,FR,1691630256
537,ta`u,-14.2336,-169.5144,80.85,80,23,11.23,AS,1691630104
538,devonport,-41.1667,146.35,56.08,80,92,10.78,AU,1691630257
539,tazacorte,28.629,-17.9293,74.37,94,0,12.66,ES,1691630257
540,mahina,-17.5065,-149.489,83.97,58,20,3.44,PF,1691630118
541,tewantin,-26.3833,153.0333,69.94,58,48,2.04,AU,1691630258
542,kuching,1.55,110.3333,85.01,79,20,2.3,MY,1691630259
543,oguzeli,36.9657,37.5134,75.18,50,0,0.0,TR,1691630259
544,almeirim,-1.5233,-52.5817,78.62,76,60,4.7,BR,1691629981
545,artvin,41.1667,41.8333,72.91,76,18,2.57,TR,1691630260
546,kyzylorda,44.8528,65.5092,69.82,60,0,2.24,KZ,1691630260
547,posto fiscal rolim de moura,-13.0833,-62.2667,82.9,40,26,0.78,BR,1691630260
548,vila franca do campo,37.7167,-25.4333,73.81,95,100,7.99,PT,1691630261
549,khandyga,62.6667,135.6,73.62,36,3,2.93,RU,1691630261
550,san pedro pochutla,15.7333,-96.4667,85.71,81,64,3.06,MX,1691630261
551,rabaul,-4.1967,152.1721,83.41,68,86,18.99,PG,1691630262
552,vrangel',42.7297,133.0839,66.9,99,100,11.36,RU,1691630262
553,roscommon,53.6333,-8.1833,62.11,97,4,7.16,IE,1691630262
554,beipiao,41.7919,120.7792,77.9,59,0,10.98,CN,1691630263
555,sao tome,0.3365,6.7273,75.74,80,14,7.63,ST,1691630263
556,itoman,26.1247,127.6694,86.77,84,20,6.91,JP,1691630263
557,ciudad lazaro cardenas,17.9583,-102.2,84.65,76,100,2.13,MX,1691630002
558,revda,56.801,59.9303,61.47,78,100,3.38,RU,1691630264
559,ulladulla,-35.35,150.4667,65.7,40,57,13.8,AU,1691630264
560,tirat karmel,32.7617,34.9719,79.68,75,20,4.0,IL,1691630264
561,rikaze,29.25,88.8833,59.67,55,99,2.57,CN,1691630265
562,acajutla,13.5928,-89.8275,82.83,81,92,6.69,SV,1691630265
563,mukalla,14.5425,49.1242,83.32,73,61,0.72,YE,1691630265
564,mariinsk,56.2139,87.7472,62.35,72,44,6.73,RU,1691630266
565,ihtiman,42.4333,23.8167,63.21,73,100,2.64,BG,1691630266
566,changyon,38.2508,125.0961,77.43,79,100,8.39,KP,1691630266
567,tommot,58.9564,126.2925,71.35,75,27,2.15,RU,1691630266
568,barah,13.7,30.3667,83.19,58,100,10.45,SD,1691630267
569,natal,-5.795,-35.2094,73.62,94,40,8.05,BR,1691630056
570,fort-shevchenko,44.5086,50.263,81.75,68,0,4.16,KZ,1691630267
571,obock,12.25,43.0833,83.21,53,84,7.23,DJ,1691630267
572,kirtipur,27.6667,85.2833,71.55,91,75,3.44,NP,1691630268
573,dogondoutchi,13.6393,4.0287,80.96,73,20,13.2,NE,1691630268
574,merizo village,13.2658,144.6691,82.96,92,100,17.98,GU,1691630268
575,taltal,-25.4,-70.4833,60.48,81,100,1.63,CL,1691630170
576,ouled mimoun,34.9047,-1.0339,68.02,46,0,1.83,DZ,1691630269
577,reggane,26.7158,0.1714,97.0,11,0,15.61,DZ,1691630269
578,kananga,-5.8958,22.4178,72.59,40,70,1.1,CD,1691630270
579,hailey,43.5196,-114.3153,80.8,31,40,3.44,US,1691630270
580,colonia,50.9333,6.95,58.86,83,0,1.14,DE,1691630263
581,zhaotong,27.3167,103.7167,69.53,85,21,0.22,CN,1691630271
582,richmond,37.5538,-77.4603,79.23,75,75,6.91,US,1691630042
583,whakatane,-37.9585,176.9854,55.51,87,86,8.01,NZ,1691630271
584,katsuura,35.1333,140.3,80.96,82,100,10.56,JP,1691630272
